Transgender: 
1 - 91, 206, 250 
2 - 245, 169, 184
3 - 255, 255, 255

Asexual/Demisexual:
1 - 0, 0, 0
2 - 163, 163, 163 
3 - 255, 255, 255
4 - 128, 0, 128

Bisexual: 
1 - 214, 2, 112
2 - 155, 79, 150
3 - 0, 56, 168

Pansexual: 
1 - 255, 30, 142
2 - 255, 214, 0
3 - 6, 148, 255

Agender: 
1 - 0, 0, 0
2 - 188, 196, 198
3 - 255, 255, 255
4 - 182, 245, 131

Aromantic: 
1 - 61, 165, 66
2 - 167, 211, 121
3 - 255, 255, 255
4 - 169, 169, 169
5 - 0, 0, 0

Non-Binary: 
1 - 255, 244, 51
2 - 255, 255, 255
3 - 155, 89, 208
4 - 45, 45, 45

Demigender:
1 - 127, 127, 127
2 - 195, 195, 195
3 - 251, 255, 117
4 - 255, 255, 255

Rainbow Hex codes then RGB
#d40606	(212,6,6)
#ee9c00	(238,156,0)
#e3ff00	(227,255,0)
#06bf00	(6,191,0)
#001a98	(0,26,152)